40.78770000      26.02078600      57.70382000      52.34800000      6.38386000
44.21680000      51.77233900      14.06244000      58.10124200      56.58800000
26.91600000      99.88660000      12.01851400      67.01200000      73.54867100
59.84574242      86.94400000      64.86620000      85.72200000      89.97252700
38.64974800      61.53541518      25.15950000      18.50591400      77.23600000
51.13082000      41.80559000      6.58060000      18.95285080      97.61067700
49.96546200      69.97254491      40.60858045      33.15010000      2.93470447
31.42858100      43.18720000      95.70372466      29.43080200      28.02786000
30.78175000      58.80780084      11.40697450      12.79411280      99.67970100
86.24497774      74.03495590      80.22660000      83.13173687      36.35620000
83.24969000      51.31270000      23.75510000      64.45287810      97.01962000
13.41280000      53.44600000      87.55100000      10.59152040      98.32022000
89.01807000      96.34445500      61.89270000      37.10845000      35.54270000
76.35470000      2.33246549      37.53840789      74.84220000      26.69700000
28.01800000      6.04217000      19.99899610      58.52671000      61.18674000
44.78500000      81.77049100      51.25440500      98.57410000      96.66170380
30.82562500      59.19010000      11.22002910      88.15697870      64.70400000
77.47499576      79.93153801      31.60200000      30.11075000      80.14661552
64.70280000      51.90980000      3.90550000      17.13900000      21.53339200
74.93588371      31.95800500      34.43450000      92.50035450      72.11060200
11.55300000      47.56999715      5.17780000      73.90969000      87.65540000
43.94849060      8.00390000      49.00804560      13.44285100      0.21116000
50.50698005      17.79900000      0.06640680      35.04500000      96.11617000
82.37458745      37.63996920      12.14077600      74.01341774      50.15840000
90.40210000      0.05444689      90.21000000      26.79153000      74.52158650
99.31420000      63.14456840      26.18173890      5.57131900      6.48308167
15.73690732      99.55419000      16.12320000      14.95132000      27.70571434
74.09000000      16.44080000      66.37049000      19.28300000      32.23421000
9.24630000      52.12703500      1.72176125      28.23074864      30.86420000
2.70083000      82.39251270      34.53900000      96.99636100      94.95608750
32.67210000      53.38781700      83.94593673      9.22030053      4.76130000
79.48859170      22.56200000      44.34405290      16.47800000      93.59467366
45.96465540      96.82900000      52.87200000      77.84400000      86.01700000
0.22227200      94.16900000      74.20067831      18.26535901      76.12300000
15.34136540      4.95173713      45.36026700      65.42660282      89.63920000
57.69078500      36.09676101      17.96205320      93.30750230      45.47497080
78.11070450      79.07730000      57.94466000      87.23620000      52.95200000
74.51271000      18.74500000      57.18347315      4.60007300      50.47327476
31.08923500      59.81690000      54.96280000      99.37640000      51.63676125
31.47377000      98.42340000      12.74551000      27.71800000      88.96100000
42.67397108      1.74583786      89.46250610      36.07680000      94.67620000
0.90497200      21.94900000      4.25820000      32.93995850      79.53813880
3.52062600      48.88100000      31.35543400      15.42246500      32.08022000
46.22357300      8.68780208      55.72040200      4.93834000      27.51206830
97.26700000      97.42369300      36.71248700      54.80621000      28.45390000
62.94600200      54.37409100      60.21931160      94.23192000      24.29993490
83.12681100      94.94115500      50.58839000      77.97910000      68.19879000
33.80100000      5.51340000      78.30430266      89.36450568      71.56100000
92.57791000      65.51727200      94.67589700      84.58228000      4.81017070
79.86584460      66.71580000      97.19251270      36.36900000      75.88225700
35.72924000      7.64324000      56.90658400      81.95325950      58.66003568
68.91900000      61.49300000      2.42984400      52.49560633      25.29650000
69.37582440      49.18880500      40.98200000      23.61600000      35.98032500
90.85270380      10.25463880      79.33065900      80.44200000      41.54765600
66.96998600      43.25978320      35.92547000      73.55774590      29.99020000
49.04424250      48.58260000      76.37119990      23.81190000      13.91628336
49.06073289      34.73400000      0.94470929      93.94260000      41.74025200
24.21350000      33.32313000      42.92490000      61.23266700      77.23351000
68.16124400      57.90429000      80.31200000      87.18364312      80.71940000
45.10517400      65.88900000      72.91506960      96.75086160      55.24849320
5.19471000      64.52543088      96.48142500      49.96465280      68.54140000
22.74773750      84.36902967      24.68000000      65.59447200      51.17037683
4.47489000      84.09379650      38.88237020      59.55498000      40.90791246
62.21000000      67.75211589      2.38762023      18.56720000      52.14700000
24.38535700      7.47378413      64.79842612      74.52452125      57.01500000
35.12442852      23.29922320      64.05475718      86.71890000      59.67433000
98.40057000      20.11979400      57.91130000      54.07837600      2.36787000
54.79054400      37.69180000      14.25857400      76.15636005      88.72071000
84.55923249      85.57286000      28.97400000      85.82717600      94.25630000
0.61495700      93.92138000      15.36753000      0.97085701      46.81456000
65.72600000      13.07486871      95.58948816      57.54467039      62.46083370
11.50608000      87.72336740      83.70560000      73.68468000      82.84570000
73.63045780      93.16206000      33.06200000      48.55900000      81.83392104
90.99200000      80.62397000      42.51782015      93.51936400      16.76029000
17.48062300      34.64995600      77.05753535      11.61482130      5.24424203
73.35290000      46.57467600      24.37700970      7.68674990      61.52965600
94.60598030      73.67759000      98.81474700      35.35680000      30.77288957
90.25200000      94.31369000      39.21790000      76.61160000      10.79900000
72.71970000      23.37910000      94.52940000      5.57760000      83.96539000
78.37843000      75.69855000      63.83950000      91.14633600      59.80722000
24.97500000      78.47800000      33.68359000      53.03600000      97.54751500
47.92680000      79.06572820      18.10960000      24.08891000      81.31428000
90.20569840      91.81989050      86.53902600      45.94950000      96.98400000
98.16400000      63.99281000      78.88995011      95.35950000      13.79430000
52.27151000      52.77983000      83.98926214      64.43943000      1.91708240
24.57835000      57.42900000      94.27754560      22.99220000      49.36673900
82.75279220      61.93668820      97.37109000      31.94750000      14.16329631
82.84264000      45.38703000      56.00207603      44.91273000      97.18234300
6.73895964      77.11019550      94.57901200      69.93139456      97.92212710
4.81308000      38.42260000      48.19554660      76.65958539      72.88420000
28.28030000      19.96800000      54.39640000      40.11737900      20.19074650
73.95284270      66.38000000      94.63371000      78.85403160      30.46481700
66.81604400      59.91456800      47.07143400      30.44420330      5.00113948
30.43624790      65.23581340      32.16908518      8.78748000      60.51396180
84.90045940      7.84596698      24.39629000      53.76423909      59.87500000
3.54660000      86.86907000      48.36559000      1.07986825      73.68074170
14.13500000      72.60470000      92.93437000      3.49055160      57.65228000
5.08601400      92.26486024      10.28113000      69.76220000      66.17990575
68.22166000      23.60140000      6.84674289      28.49312180      39.27156900
75.23263000      33.66800000      27.20308000      12.47576360      39.02965100
47.01400000      76.56700000      76.98437700      98.42365120      35.74767000
