89.27700000   47.33805700   59.63099650   24.06093254   21.53920000
9.70878980   22.35532000   66.09127430   39.57200000   41.97763463
2.84770000   85.78130000   28.56700000   24.42904857   67.01334180
9.99762615   80.99223000   98.30013700   85.92100000   1.00381000
74.28479920   10.29660000   21.77670000   17.61289700   36.95340000
6.61500000   73.16700000   78.08269000   26.76452800   34.17400000
2.55852450   0.98148456   91.21257080   63.18976000   8.87399000
61.11792020   22.65289390   46.32600000   62.43310000   11.43051644
95.93389132   19.10600000   79.30309500   76.20500000   95.64450000
24.22820700   10.85959500   30.72974800   65.87319171   76.20068885
67.18970000   51.19600000   64.51410000   25.45928400   41.85404240
47.73290000   97.50580900   85.52542100   90.05689661   19.53381400
22.14700000   66.61936200   95.09778630   8.71246000   55.87200800
60.08341000   56.36421000   0.17482210   20.78655000   98.15208000
23.58070000   32.11001100   30.32340010   82.74100000   83.18850000
16.04774770   68.37481000   1.00511230   30.87354030   2.01954497
45.92882640   40.04429000   8.95080000   89.93100000   52.37500000
5.54920188   20.29562690   53.94621000   27.00888065   62.44860000
85.67500000   4.45816300   86.09882700   48.37145000   23.51600000
50.99260000   9.12026196   23.61964738   14.54948930   25.96670000
13.51400000   10.67930000   5.02959230   88.54808612   85.93200000
25.33790000   21.84647400   4.39964400   54.06400000   61.03160000
87.49111000   52.85233000   63.29806910   16.40675000   32.56623600
50.76930000   80.25182000   82.18459000   58.79400000   20.79861500
57.61498000   78.57704700   61.35942797   84.92433740   59.38910000
30.15226230   52.64464614   28.49964080   30.05460000   38.91800000
84.48651000   81.48200000   55.27267167   74.17035910   82.89922000
68.87511196   79.15810000   39.11776400   7.62270000   58.31550000
67.42800000   1.74071360   98.68868000   7.19750000   71.67958754
51.67989000   81.22782391   89.12300000   80.81517166   38.11961000
71.65593900   68.89708000   84.71900000   34.77300000   21.09335900
93.15030500   47.15524317   32.06849370   77.81740270   84.55100000
67.29526040   61.78795272   97.99040000   76.02112800   25.02500000
75.73500000   83.89400000   98.32357000   42.51780000   64.25596180
16.83581000   95.80931790   16.25092000   82.45700000   42.98780000
96.35194900   62.07321226   34.07900000   36.87100000   39.97440000
53.97000000   41.93400000   21.08316000   95.90056490   20.15000000
1.04267505   80.49652300   56.41023600   22.39756000   44.64125041
64.52909300   42.35624153   93.52818000   62.20498490   31.26213300
27.12430000   44.96085950   18.86900000   85.59044112   44.52440000
55.34770000   82.09500000   6.60110000   28.66650790   36.59272300
80.03250400   18.31400000   0.39372927   36.44900000   10.52300000
95.94107928   45.98100000   85.38389860   27.65100000   58.86586000
67.45053310   20.21591500   3.17500340   90.17600000   16.21526720
34.75145462   52.83481364   43.76520000   37.83734800   96.61982000
31.46500000   84.69600000   29.43940000   52.74450840   85.84485000
99.56720000   8.78478775   84.48089600   76.54913090   90.84534520
77.13015700   74.67604490   44.63436640   83.49972760   3.20686030
71.72990000   0.65675000   14.41841869   57.33346000   9.60930000
44.66560000   80.59845000   80.92880020   62.78987000   57.88200000
77.35474460   27.35480000   12.63442630   68.55456240   49.16500000
88.36200000   5.38140000   6.02850173   69.14341000   8.10030214
84.50553000   17.63518600   30.73537400   79.57360080   96.47850000
86.35921810   27.88850000   28.47243349   57.74050590   1.77506800
63.51048400   32.73782000   65.19800000   68.38590600   20.42657581
19.88700000   43.27821430   22.58458000   96.27477000   63.72300000
99.60003250   83.85408000   37.39735294   2.79626900   30.23745000
68.16124400   57.90429000   80.31200000   87.18364312   80.71940000
45.10517400   65.88900000   72.91506960   96.75086160   55.24849320
5.19471000   64.52543088   96.48142500   49.96465280   68.54140000
22.74773750   84.36902967   24.68000000   65.59447200   51.17037683
4.47489000   84.09379650   38.88237020   59.55498000   40.90791246
62.21000000   67.75211589   2.38762023   18.56720000   52.14700000
24.38535700   7.47378413   64.79842612   74.52452125   57.01500000
35.12442852   23.29922320   64.05475718   86.71890000   59.67433000
98.40057000   20.11979400   57.91130000   54.07837600   2.36787000
54.79054400   37.69180000   14.25857400   76.15636005   88.72071000
84.55923249   85.57286000   28.97400000   85.82717600   94.25630000
0.61495700   93.92138000   15.36753000   0.97085701   46.81456000
65.72600000   13.07486871   95.58948816   57.54467039   62.46083370
11.50608000   87.72336740   83.70560000   73.68468000   82.84570000
73.63045780   93.16206000   33.06200000   48.55900000   81.83392104
90.99200000   80.62397000   42.51782015   93.51936400   16.76029000
17.48062300   34.64995600   77.05753535   11.61482130   5.24424203
73.35290000   46.57467600   24.37700970   7.68674990   61.52965600
94.60598030   73.67759000   98.81474700   35.35680000   30.77288957
90.25200000   94.31369000   39.21790000   76.61160000   10.79900000
72.71970000   23.37910000   94.52940000   5.57760000   83.96539000
78.37843000   75.69855000   63.83950000   91.14633600   59.80722000
24.97500000   78.47800000   33.68359000   53.03600000   97.54751500
47.92680000   79.06572820   18.10960000   24.08891000   81.31428000
90.20569840   91.81989050   86.53902600   45.94950000   96.98400000
98.16400000   63.99281000   78.88995011   95.35950000   13.79430000
52.27151000   52.77983000   83.98926214   64.43943000   1.91708240
24.57835000   57.42900000   94.27754560   22.99220000   49.36673900
82.75279220   61.93668820   97.37109000   31.94750000   14.16329631
82.84264000   45.38703000   56.00207603   44.91273000   97.18234300
6.73895964   77.11019550   94.57901200   69.93139456   97.92212710
4.81308000   38.42260000   48.19554660   76.65958539   72.88420000
28.28030000   19.96800000   54.39640000   40.11737900   20.19074650
73.95284270   66.38000000   94.63371000   78.85403160   30.46481700
66.81604400   59.91456800   47.07143400   30.44420330   5.00113948
30.43624790   65.23581340   32.16908518   8.78748000   60.51396180
84.90045940   7.84596698   24.39629000   53.76423909   59.87500000
3.54660000   86.86907000   48.36559000   1.07986825   73.68074170
14.13500000   72.60470000   92.93437000   3.49055160   57.65228000
5.08601400   92.26486024   10.28113000   69.76220000   66.17990575
68.22166000   23.60140000   6.84674289   28.49312180   39.27156900
75.23263000   33.66800000   27.20308000   12.47576360   39.02965100
47.01400000   76.56700000   76.98437700   98.42365120   35.74767000
