# 
#  This is Sean Lewis's Midterm 1, Question 5:
#  Date: ['Wed Apr 30 14:02:35 PDT 2014']
#  Let's hope this works!
# 
15.066  21.521  21.400  24.339  29.875
31.567  28.190  33.378  32.743  13.259
27.279  26.375  31.595  25.432  23.603
23.765  13.951  14.567  33.185  20.853
19.044  35.738  27.133  14.904  30.888
32.838  33.975  17.114  18.852  29.574
20.623  18.376  14.776  32.112  11.054
18.432  22.476  15.023  30.613  18.157
19.816  32.602  20.573  23.793  19.553
33.022  25.499  29.361  23.349  32.820
23.348  12.794  15.674  29.386  30.088
24.289  34.915  13.542  18.717  20.334
26.591  23.232  18.074  20.639  33.930
35.726  20.636  33.082  21.243  23.869
11.735  35.706  19.782  27.048  14.372
23.604  11.829  16.449  20.738  33.836
11.364  35.150  19.007  32.795  15.917
25.952  14.019  15.016  26.670  36.032
21.321  16.847  22.632  29.882  17.070
14.115  12.581  14.072  15.891  12.396
35.686  33.264  34.594  19.983  29.947
29.446  28.327  34.327  35.339  29.569
19.387  27.627  17.545  28.429  22.431
32.056  14.467  34.354  19.146  24.390
24.764  28.070  20.864  13.745  22.053
23.358  13.893  15.302  20.749  18.975
29.821  26.022  17.585  26.387  30.310
30.304  10.908  30.706  21.728  23.221
15.445  12.598  19.781  20.056  26.807
16.708  31.971  26.375  21.267  29.882
14.000  21.375  31.886  17.404  17.518
22.428  28.039  18.684  25.223  23.186
32.922  36.077  27.548  13.910  33.351
24.064  29.160  30.557  15.010  22.045
25.776  32.111  34.124  27.212  18.241
34.033  29.661  21.716  33.630  22.640
12.205  20.685  35.162  34.260  29.959
21.239  26.515  35.551  20.507  27.087
14.206  17.537  24.867  19.969  23.549
29.216  21.665  17.514  29.936  17.942
19.686  19.809  26.102  25.397  17.315
19.716  22.954  24.498  18.085  35.831
30.255  35.427  31.424  10.812  18.529
18.914  30.375  16.196  14.368  16.066
19.963  19.202  19.668  10.701  18.524
15.494  31.399  17.322  30.379  29.709
29.181  32.900  24.574  19.838  22.259
28.580  24.717  23.845  17.969  34.748
16.199  13.432  20.501  20.496  13.006
35.286  14.530  24.742  24.088  33.624
29.856  27.235  13.445  20.758  19.461
35.294  21.961  12.854  12.443  29.962
32.185  21.753  12.629  35.289  19.817
28.544  19.584  17.042  31.830  18.206
12.207  13.559  18.496  11.267  24.968
24.126  23.011  29.155  36.016  12.061
26.847  19.793  26.829  20.992  23.022
30.128  13.593  32.755  20.555  17.975
32.018  12.040  25.826  18.278  22.418
10.703  22.310  30.561  35.829  14.547
14.508  28.185  16.580  33.103  32.202
28.516  21.358  33.044  34.267  32.075
14.998  19.833  24.349  18.218  18.535
35.964  30.245  18.400  13.527  34.421
27.466  30.272  26.314  30.120  24.595
33.340  26.518  24.805  21.081  14.962
22.076  10.750  20.093  10.871  33.543
30.014  28.621  28.513  13.245  28.613
29.889  25.682  15.906  33.051  11.744
17.213  22.109  22.251  26.181  28.679
14.732  22.045  11.329  18.484  11.419
25.758  31.012  20.743  17.957  11.981
31.909  28.172  26.827  17.465  30.548
29.047  32.739  13.272  12.942  10.963
16.000  29.872  33.606  25.364  22.664
35.762  19.038  29.796  13.834  35.589
17.228  33.595  33.243  14.303  15.619
11.074  21.481  32.107  14.884  19.319
28.156  27.733  16.332  35.713  26.324
21.781  18.188  32.232  23.788  29.709
16.119  18.383  18.304  31.832  32.328
22.329  18.917  32.153  16.249  22.385
32.386  15.276  21.175  24.448  19.456
18.146  21.949  24.635  18.512  30.043
13.796  36.000  35.831  29.752  21.799
12.931  29.285  20.483  23.679  11.810
26.751  16.348  25.296  22.388  30.166
19.027  20.437  17.346  13.256  31.162
16.515  30.286  19.459  24.563  30.086
24.706  15.780  35.386  24.979  31.777
27.068  20.888  23.339  26.985  26.164
26.975  12.641  11.399  34.423  12.982
14.300  33.646  14.839  25.786  29.321
34.195  28.579  30.012  17.474  14.953
22.849  19.090  34.638  28.486  32.146
25.825  30.377  29.894  24.683  32.379
18.226  23.676  11.587  13.574  27.304
22.071  15.351  35.348  11.534  34.816
28.727  21.326  33.132  17.110  12.159
28.294  20.373  24.547  33.097  15.129
