# List Of Distances
1.0000
1.0000
1.0000
1.0000
18.0000
18.0000
1.0000
1.0000
4.1231
3.0000
1.0000
1.0000
1.0000
11.1803
1.0000
1.0000
2.2361
1.0000
19.8494
1.0000
19.8494
1.0000
1.4142
1.0000
1.0000
1.0000
1.0000
2.0000
14.8661
1.0000
2.0000
14.8661
1.4142
1.4142
2.0000
2.2361
1.0000
1.0000
1.0000
1.0000
1.0000
1.4142
16.4012
16.4012
2.2361
1.0000
1.0000
2.2361
1.4142
1.0000
1.4142
1.0000
1.0000
2.2361
1.0000
1.0000
1.0000
16.4012
19.7990
16.4012
1.4142
3.0000
1.4142
1.0000
19.2354
4.1231
2.2361
1.0000
1.0000
1.0000
3.0000
1.0000
1.0000
1.0000
1.0000
1.0000
1.4142
1.0000
1.4142
1.0000
1.4142
1.0000
12.6491
19.1050
18.0000
8.2462
1.0000
2.0000
1.4142
1.0000
1.0000
1.0000
10.1980
1.0000
11.1803
1.0000
1.0000
11.1803
19.8494
1.0000
19.8494
1.0000
2.0000
12.6491
12.0416
1.0000
1.4142
1.0000
1.0000
14.8661
2.2361
2.0000
14.8661
1.0000
1.0000
1.0000
4.1231
1.0000
1.0000
1.0000
1.4142
1.4142
1.0000
14.1421
1.0000
1.0000
1.0000
15.8114
1.0000
1.0000
1.4142
1.0000
10.4403
1.0000
2.0000
1.0000
2.0000
1.0000
1.4142
15.6205
1.0000
1.0000
1.0000
1.0000
2.0000
1.4142
1.0000
1.0000
3.0000
1.0000
2.2361
1.4142
1.0000
18.3848
1.4142
3.6056
14.0000
1.0000
1.4142
1.4142
1.0000
1.0000
1.0000
1.0000
8.2462
1.4142
1.0000
11.1803
1.4142
1.0000
11.1803
19.8494
1.0000
19.8494
1.0000
12.0416
13.0000
12.0416
2.2361
1.4142
14.8661
1.0000
1.0000
15.8114
14.8661
1.4142
1.4142
2.2361
19.4165
10.7703
2.0000
1.4142
1.0000
1.0000
1.0000
1.0000
1.0000
1.4142
15.8114
15.8114
1.0000
1.0000
1.4142
9.0554
2.2361
1.0000
2.0000
1.0000
18.3576
1.4142
16.4012
1.0000
1.0000
1.0000
2.2361
1.0000
1.0000
19.0263
1.0000
1.0000
1.0000
1.0000
1.4142
1.4142
19.2354
8.0000
10.0000
1.0000
1.0000
19.2354
1.4142
1.0000
1.0000
