# List Of Distances
2.2361
3.0000
1.4142
4.0000
11.4018
1.0000
6.0828
2.2361
3.6056
5.0000
11.4018
7.0000
5.0990
8.0623
5.0000
2.0000
5.0000
5.3852
6.0000
7.0000
6.0828
6.4031
1.4142
11.3137
4.4721
5.0000
7.0711
11.1803
6.4031
3.6056
6.0000
5.3852
6.3246
4.0000
3.6056
4.1231
6.0828
5.0000
3.6056
5.0000
3.1623
8.5440
2.0000
4.4721
3.1623
6.0000
8.0623
5.8310
3.1623
3.6056
3.6056
2.2361
6.7082
2.2361
2.2361
5.0000
1.0000
5.0000
2.2361
4.2426
6.0828
8.9443
8.0623
2.2361
2.2361
7.0711
7.0711
7.2801
7.8102
5.0000
5.0000
2.2361
3.0000
6.3246
7.2801
3.1623
2.0000
3.1623
9.2195
23.4307
3.0000
7.2111
5.0000
7.0711
23.7065
3.0000
18.0278
7.2801
7.2111
2.2361
2.8284
4.0000
4.2426
4.0000
2.8284
3.6056
3.6056
5.0990
5.0000
5.8310
6.0000
5.0000
4.2426
4.2426
2.0000
8.5440
2.2361
3.1623
2.0000
7.0711
4.1231
5.0000
2.0000
3.6056
2.8284
1.0000
7.0000
6.0000
3.1623
4.2426
3.1623
8.0623
3.1623
3.6056
6.4031
4.1231
4.2426
3.6056
6.4031
1.4142
6.4031
5.0000
9.0554
2.0000
4.1231
4.1231
1.0000
2.8284
5.6569
8.2462
5.8310
5.0990
1.4142
3.1623
5.0000
4.0000
10.6301
5.3852
7.2111
3.1623
6.4031
2.2361
4.1231
4.1231
7.0711
8.2462
1.0000
5.0990
2.2361
3.1623
2.2361
4.1231
7.2111
5.0990
4.0000
5.8310
4.4721
1.4142
5.3852
5.0000
4.4721
2.0000
10.2956
3.1623
7.8102
5.8310
6.0000
4.0000
2.2361
4.1231
7.6158
5.0000
6.4031
2.2361
5.0990
5.6569
5.6569
7.2801
9.8489
1.4142
1.0000
6.0828
2.0000
4.2426
5.8310
7.2111
3.1623
8.2462
1.0000
5.0000
3.1623
2.2361
6.0828
4.0000
9.8995
6.3246
2.2361
2.2361
1.4142
2.2361
10.2956
4.1231
3.6056
4.1231
4.4721
5.0000
9.0554
12.0416
2.0000
4.4721
6.0828
3.1623
2.2361
5.0990
1.4142
5.0000
4.1231
6.0828
6.0000
9.8489
1.4142
2.2361
4.4721
2.0000
10.6301
11.1803
4.4721
5.0990
5.0000
2.2361
5.0990
5.3852
6.3246
6.7082
2.2361
5.8310
5.8310
5.6569
9.0554
8.2462
3.1623
7.2111
6.0000
4.4721
6.0828
1.4142
3.0000
8.0623
6.0828
3.1623
2.8284
5.0000
5.8310
1.4142
3.6056
4.4721
5.0000
3.0000
3.6056
5.3852
4.4721
3.6056
2.2361
3.1623
7.0000
1.4142
9.8489
5.8310
3.6056
3.0000
5.8310
5.3852
5.0000
8.4853
2.2361
7.8102
3.6056
6.0000
8.0000
3.0000
3.1623
1.4142
6.7082
3.0000
3.6056
5.0990
4.0000
4.1231
6.0000
5.8310
5.3852
5.0000
9.4868
3.0000
5.8310
4.2426
2.2361
5.8310
8.2462
8.0623
2.2361
3.6056
4.4721
5.0000
8.6023
4.2426
4.1231
3.1623
8.9443
4.2426
1.0000
8.0623
3.1623
10.2956
7.0000
5.0990
4.0000
3.6056
4.2426
3.0000
7.2801
7.2801
4.1231
2.2361
5.3852
3.0000
2.2361
5.0990
2.2361
4.1231
1.4142
1.4142
2.2361
2.0000
4.1231
6.0828
1.0000
2.0000
3.6056
4.1231
3.6056
3.6056
4.1231
6.3246
8.6023
4.4721
5.0990
7.6158
1.0000
3.1623
5.6569
4.4721
4.0000
5.0990
2.2361
5.8310
3.1623
2.8284
3.6056
5.0000
4.4721
5.0990
6.7082
7.2801
2.2361
1.4142
5.8310
7.2801
7.0711
5.3852
2.8284
3.1623
7.0711
5.3852
7.0000
5.0000
7.2111
1.4142
5.0990
7.8102
4.2426
4.0000
5.0000
5.0990
3.0000
5.0000
3.1623
3.6056
2.2361
2.2361
5.0000
4.2426
2.2361
3.6056
5.3852
7.2801
7.2801
5.0000
5.0000
5.0990
3.0000
4.1231
3.1623
1.0000
4.1231
4.1231
2.2361
5.8310
4.1231
2.2361
2.2361
3.6056
2.2361
1.4142
2.2361
4.4721
5.0990
2.2361
4.0000
6.0828
4.2426
5.8310
9.2195
5.0000
5.3852
9.4340
2.0000
7.8102
11.1803
3.6056
5.3852
6.4031
2.2361
9.4340
5.0000
9.0000
6.0828
6.4031
3.6056
2.8284
5.3852
7.0000
8.9443
3.1623
4.0000
2.2361
5.0990
4.1231
5.0000
3.6056
2.0000
4.4721
2.2361
4.4721
5.0000
3.6056
5.8310
2.2361
4.4721
5.6569
9.2195
8.5440
10.2956
4.2426
3.6056
6.0828
4.1231
9.4340
7.0711
6.4031
6.3246
3.1623
3.6056
4.1231
7.2111
4.1231
4.1231
6.3246
6.4031
7.2111
1.0000
6.4031
6.4031
4.1231
3.6056
1.0000
3.6056
6.7082
7.8102
5.0000
1.4142
2.2361
3.6056
2.2361
5.3852
5.0990
3.0000
4.4721
1.0000
5.0990
2.2361
4.4721
7.2801
3.6056
1.4142
7.2111
9.4340
9.2195
9.4340
9.0554
5.8310
7.0711
6.0828
3.1623
3.1623
6.0000
5.3852
6.4031
5.3852
21.5870
7.2111
7.8102
4.1231
5.0000
6.0000
9.8995
2.8284
1.0000
1.0000
10.4403
2.8284
7.0711
4.0000
2.2361
4.1231
4.4721
6.4031
3.6056
4.4721
2.2361
6.3246
7.8102
10.1980
4.4721
2.0000
2.0000
4.1231
6.0000
10.0000
7.2111
5.0990
5.3852
2.0000
8.0623
6.4031
8.5440
5.0990
4.2426
5.0990
4.1231
5.3852
6.3246
4.4721
5.3852
6.0828
4.1231
2.0000
5.3852
4.4721
2.0000
5.6569
4.4721
5.0000
6.0828
7.2111
5.8310
8.5440
7.6158
7.2111
5.0000
5.0990
8.6023
4.1231
1.0000
3.6056
7.0711
5.3852
2.0000
4.4721
8.0623
6.0828
1.4142
5.0000
5.8310
5.8310
10.0000
3.1623
2.2361
5.0000
2.8284
10.7703
5.0990
5.0990
2.2361
5.0990
4.0000
4.2426
5.0990
2.0000
5.0000
2.0000
2.0000
1.4142
6.7082
1.0000
8.4853
8.0623
3.1623
2.0000
4.4721
2.2361
8.0000
8.2462
2.8284
3.6056
6.7082
5.8310
3.1623
5.0000
6.7082
3.6056
3.0000
7.2801
7.6158
2.2361
7.0711
3.6056
11.7047
4.0000
3.1623
2.0000
1.0000
8.5440
7.2801
2.2361
2.2361
4.2426
7.0711
4.2426
3.6056
2.2361
5.0000
4.2426
1.0000
4.1231
3.0000
2.8284
1.4142
2.2361
4.1231
3.6056
1.0000
4.0000
8.5440
7.2801
5.8310
4.0000
4.4721
4.4721
4.2426
4.4721
4.0000
3.6056
2.8284
6.7082
5.8310
7.2111
8.4853
2.2361
2.0000
10.4403
5.6569
1.4142
4.1231
7.2801
2.0000
7.0711
10.0499
4.4721
2.2361
2.0000
5.0000
3.0000
3.1623
5.3852
5.0000
2.8284
3.6056
1.4142
3.0000
9.2195
2.0000
4.1231
4.2426
8.2462
2.2361
1.4142
2.8284
9.0554
7.0711
3.1623
5.0990
3.1623
3.0000
1.4142
7.2801
3.1623
4.4721
4.1231
5.3852
7.0711
2.8284
1.4142
7.2801
5.0000
2.2361
5.3852
4.0000
5.3852
8.0623
3.1623
4.2426
5.6569
4.4721
5.0000
3.6056
3.1623
4.0000
5.8310
4.4721
4.4721
6.0828
6.0828
1.0000
4.1231
3.1623
1.0000
5.3852
3.6056
3.6056
6.0828
4.0000
1.0000
5.0000
2.8284
5.0000
2.0000
3.6056
3.6056
1.0000
5.6569
3.6056
4.4721
2.2361
3.6056
5.0000
3.0000
11.7047
3.1623
2.0000
5.0000
5.0990
1.0000
2.8284
12.0416
4.1231
6.4031
5.0000
4.4721
5.0000
5.0000
6.7082
6.4031
5.0990
7.0000
5.3852
5.0000
2.8284
2.8284
2.2361
3.6056
7.2801
3.1623
4.1231
3.6056
1.4142
5.0000
6.3246
7.0711
6.4031
2.0000
1.4142
2.2361
8.5440
5.3852
5.0000
1.4142
5.0000
5.3852
5.8310
4.1231
8.0000
3.6056
10.8167
9.4868
8.2462
6.7082
4.0000
2.0000
12.3693
3.0000
1.0000
5.0990
3.6056
5.0000
5.0000
12.0416
4.2426
1.4142
3.1623
1.4142
6.0000
7.2801
6.4031
5.8310
3.1623
2.2361
7.8102
6.0828
3.1623
3.6056
6.0828
1.4142
3.1623
6.3246
5.3852
1.4142
10.0000
4.0000
12.1655
3.6056
2.2361
9.4340
6.7082
5.0000
1.4142
6.0828
6.0828
6.4031
2.8284
8.0623
6.0828
3.1623
5.8310
2.2361
4.4721
3.6056
3.6056
4.1231
3.0000
3.0000
7.6158
5.0000
2.2361
6.7082
8.0623
2.2361
2.2361
2.0000
4.0000
1.4142
4.4721
6.0828
3.1623
5.8310
1.0000
2.8284
5.8310
6.0828
4.1231
7.2111
6.0828
2.0000
6.3246
5.0000
5.3852
6.3246
6.3246
4.1231
1.4142
7.2801
7.2801
8.0623
6.0828
1.4142
5.0000
3.6056
2.2361
3.0000
8.9443
7.2801
4.1231
2.2361
4.4721
4.1231
4.4721
5.6569
2.2361
3.1623
6.4031
10.2956
7.0711
2.2361
3.0000
4.2426
11.0454
2.2361
1.4142
3.0000
9.2195
3.1623
5.0000
2.2361
4.1231
5.0000
7.0711
3.6056
4.4721
11.7047
2.0000
4.0000
7.0000
5.3852
7.6158
2.2361
3.1623
4.1231
7.0711
7.6158
3.1623
3.6056
2.0000
1.4142
8.5440
8.0623
8.2462
2.2361
14.5602
7.6158
2.2361
5.3852
11.0000
6.4031
5.0000
3.1623
9.4868
2.2361
4.0000
2.8284
1.4142
2.0000
2.0000
2.0000
3.6056
4.1231
3.6056
4.2426
2.0000
2.2361
2.2361
1.0000
2.8284
2.8284
9.4340
8.0623
4.1231
1.0000
6.0828
5.8310
7.6158
9.0554
2.0000
3.0000
5.8310
5.0990
6.3246
3.6056
8.6023
3.6056
2.8284
1.0000
5.0990
4.1231
3.6056
2.8284
9.2195
8.6023
6.7082
7.6158
5.0000
6.0828
10.1980
7.8102
1.0000
4.4721
5.0990
9.2195
4.1231
4.1231
3.6056
3.1623
11.0000
10.0000
3.6056
8.2462
4.4721
3.6056
4.4721
3.1623
11.4018
4.0000
5.3852
6.4031
6.4031
3.6056
3.1623
1.0000
4.2426
5.0990
3.0000
2.2361
3.6056
4.4721
8.0623
7.2801
4.2426
11.0454
4.4721
7.0000
9.2195
8.5440
7.2111
3.0000
1.0000
1.4142
8.0623
7.8102
5.0990
1.4142
4.1231
5.8310
3.1623
11.1803
3.1623
2.2361
1.4142
6.7082
7.6158
7.0711
1.0000
3.1623
5.8310
3.0000
2.2361
2.2361
5.6569
3.6056
2.0000
5.6569
7.0711
3.6056
2.2361
8.2462
5.0000
1.0000
6.0000
8.0623
10.6301
3.0000
4.0000
2.2361
3.1623
4.4721
7.2111
2.2361
5.0000
6.0000
13.0384
3.6056
3.6056
1.4142
3.1623
2.2361
5.0000
3.0000
5.0000
6.7082
2.0000
6.0828
1.0000
7.8102
3.6056
9.0554
6.7082
4.4721
6.0828
2.0000
7.8102
2.2361
7.2111
8.2462
2.0000
4.1231
1.0000
4.4721
2.0000
10.0000
5.3852
3.6056
9.2195
3.1623
5.3852
6.0828
6.4031
5.3852
2.2361
4.1231
10.0499
3.1623
3.0000
8.0623
7.0711
8.6023
1.4142
3.1623
5.0990
8.2462
9.0554
1.0000
4.4721
8.0623
6.4031
12.2066
1.4142
4.4721
3.1623
5.0000
3.1623
2.2361
6.4031
3.6056
8.0623
8.6023
5.0000
5.3852
10.0000
19.6469
2.2361
7.2801
3.1623
2.2361
10.2956
2.2361
1.4142
3.1623
7.0711
6.0828
4.2426
5.0000
8.5440
3.0000
4.4721
2.0000
2.2361
2.8284
5.0990
7.0000
8.0623
2.2361
5.3852
5.0990
6.0000
3.1623
6.4031
7.2111
2.0000
6.0828
5.8310
5.0000
8.9443
8.4853
2.2361
6.0000
4.2426
3.6056
3.6056
3.1623
1.4142
2.8284
5.8310
10.6301
6.4031
2.2361
5.0990
7.2801
3.6056
1.4142
5.0000
5.3852
3.1623
5.3852
4.1231
5.0000
7.2111
4.4721
12.0416
4.1231
8.0623
3.1623
12.1655
6.3246
6.3246
2.2361
3.6056
3.6056
8.6023
9.2195
3.6056
3.0000
4.2426
4.1231
2.0000
4.4721
4.4721
2.2361
5.6569
4.4721
1.4142
3.1623
2.0000
2.2361
7.8102
3.6056
2.2361
2.8284
4.4721
5.3852
9.2195
5.8310
3.6056
4.4721
2.8284
6.7082
8.2462
2.0000
1.4142
3.1623
7.0711
6.4031
5.8310
2.2361
7.0711
2.8284
4.0000
1.4142
5.0990
5.8310
4.4721
7.2111
4.1231
10.6301
2.2361
7.6158
4.4721
6.3246
6.3246
5.0990
7.0711
5.0000
8.6023
5.0000
4.1231
3.6056
4.2426
2.2361
1.4142
1.0000
1.4142
5.0000
6.7082
5.3852
3.1623
4.2426
1.4142
7.0711
6.7082
10.8167
1.0000
9.2195
6.0828
5.3852
6.7082
2.8284
7.0711
7.6158
5.3852
3.0000
4.1231
2.2361
5.3852
4.2426
2.8284
5.0000
2.0000
4.4721
2.2361
2.0000
6.7082
6.3246
8.5440
6.0828
4.2426
4.0000
2.2361
5.0990
4.4721
3.6056
6.3246
7.0000
4.0000
3.1623
8.9443
3.6056
1.4142
1.4142
4.4721
5.0000
4.4721
7.0711
5.8310
8.0623
4.2426
5.0990
7.2801
4.0000
5.0000
4.0000
2.2361
5.0990
5.0000
6.7082
2.2361
7.2801
4.1231
7.2801
5.0990
4.0000
7.2111
2.0000
1.0000
5.3852
3.0000
3.6056
7.0000
8.5440
4.1231
6.4031
6.7082
6.3246
7.0711
4.0000
5.0000
5.0990
6.0828
1.0000
8.0000
9.0554
1.4142
4.4721
6.0828
1.0000
3.1623
5.8310
6.7082
5.0000
7.2111
6.3246
3.1623
7.2111
5.6569
4.4721
3.6056
2.8284
3.6056
7.0000
2.2361
6.0828
5.0990
2.0000
5.0990
6.3246
4.2426
4.1231
2.2361
3.1623
4.1231
4.0000
4.2426
4.2426
2.2361
5.0990
3.1623
5.6569
10.7703
1.0000
1.0000
3.1623
3.1623
5.3852
5.0000
3.6056
6.0828
3.6056
5.0990
5.0000
4.4721
2.0000
11.6619
5.0000
2.2361
7.2801
6.0000
7.6158
7.2111
4.2426
8.5440
2.2361
1.0000
1.0000
2.0000
7.0711
5.8310
3.1623
1.0000
8.4853
2.8284
3.0000
2.2361
6.0828
2.8284
8.5440
4.0000
2.8284
3.0000
7.6158
9.0554
7.0711
6.7082
5.0990
4.1231
3.6056
1.0000
3.1623
11.1803
3.1623
9.4868
5.0000
7.2801
9.0000
4.2426
2.2361
7.0711
12.0416
4.1231
5.0000
7.2801
5.8310
1.4142
2.8284
1.0000
5.8310
4.0000
7.0711
6.3246
7.0711
3.6056
2.2361
2.2361
6.0828
4.2426
8.4853
7.0711
4.4721
1.0000
5.3852
5.6569
4.0000
3.1623
1.4142
7.2801
5.3852
5.0000
9.4868
11.1803
3.1623
8.2462
4.0000
3.1623
3.6056
5.3852
5.0990
6.4031
5.8310
5.0990
5.0990
1.0000
3.1623
4.2426
5.6569
3.1623
5.0000
9.0000
7.0000
2.2361
5.3852
5.0000
1.4142
8.0623
5.8310
1.0000
7.2801
3.6056
3.1623
4.1231
1.0000
2.2361
4.1231
6.4031
4.2426
7.0711
7.8102
9.0554
3.1623
7.6158
4.4721
4.2426
7.0000
3.6056
1.0000
4.1231
6.0828
12.8062
2.8284
7.6158
9.4340
8.5440
1.4142
9.0554
4.1231
7.0711
6.7082
3.0000
3.1623
2.8284
2.2361
4.0000
4.4721
18.0278
2.2361
10.1980
5.0000
11.4018
4.4721
3.0000
5.0990
3.6056
9.4340
6.3246
5.8310
4.4721
9.2195
2.2361
2.2361
5.0000
2.0000
4.0000
4.0000
6.4031
5.8310
5.0990
4.4721
5.0000
7.0000
3.0000
6.3246
1.0000
6.3246
5.8310
7.2111
3.1623
9.4868
1.4142
5.6569
2.2361
3.1623
4.0000
2.0000
4.0000
3.1623
6.0828
3.6056
3.6056
5.0000
2.0000
6.0828
6.0000
5.0990
17.2627
2.0000
23.3238
3.6056
5.0000
1.4142
6.7082
4.1231
1.4142
6.3246
1.4142
7.2111
4.2426
3.6056
5.0000
2.2361
5.0000
8.9443
2.0000
6.4031
7.8102
5.0000
4.1231
5.3852
2.2361
5.3852
7.2111
2.0000
10.2956
5.3852
3.1623
2.8284
5.8310
4.1231
5.0000
2.2361
2.0000
2.0000
9.2195
14.1421
5.0990
3.1623
9.2195
2.2361
3.0000
4.4721
3.1623
7.0711
2.2361
1.0000
4.1231
8.0623
4.2426
3.1623
2.2361
5.3852
4.4721
5.0000
3.6056
4.1231
4.1231
3.1623
10.4403
5.0000
4.1231
6.4031
2.0000
5.0000
5.0000
2.0000
5.3852
3.6056
3.1623
4.1231
6.7082
6.3246
5.3852
3.1623
3.0000
4.0000
4.4721
8.0623
8.0623
3.1623
1.0000
1.0000
1.0000
4.0000
2.2361
8.6023
2.2361
3.1623
2.8284
3.6056
2.0000
4.4721
2.8284
4.4721
2.2361
2.2361
6.0000
3.1623
3.6056
3.1623
2.0000
3.0000
6.0000
3.1623
7.6158
3.6056
6.7082
4.1231
1.0000
5.0000
5.0990
3.0000
6.0828
6.3246
2.2361
3.6056
8.6023
1.0000
3.1623
3.1623
7.8102
6.0828
6.7082
10.0000
3.0000
5.0990
5.0000
2.0000
4.2426
1.4142
1.4142
7.0711
1.4142
3.1623
3.0000
5.8310
4.0000
2.2361
1.4142
1.4142
5.0990
3.6056
21.3776
4.0000
1.0000
2.0000
6.0000
5.3852
5.0000
5.6569
3.6056
5.0000
7.2801
1.4142
4.1231
6.0828
7.0711
6.0000
8.0000
1.4142
1.0000
7.2111
3.6056
9.0554
18.0000
6.3246
8.4853
3.0000
11.1803
4.0000
4.2426
12.0416
5.8310
7.0711
6.4031
8.0623
8.5440
6.0828
8.0623
3.0000
3.1623
2.2361
1.4142
1.4142
6.0828
5.0000
7.0711
4.1231
1.4142
2.8284
2.8284
3.6056
3.6056
7.0711
5.0000
1.0000
2.8284
2.0000
2.2361
4.1231
2.8284
4.0000
3.6056
5.0000
6.0000
2.0000
6.3246
3.1623
2.2361
5.0990
6.7082
5.0990
3.6056
4.1231
7.0711
5.0000
8.0623
5.0000
1.4142
5.3852
1.4142
3.6056
5.8310
5.0000
1.4142
1.0000
12.2066
5.8310
7.6158
5.0990
1.0000
2.8284
2.0000
7.8102
5.8310
4.4721
7.6158
9.4340
7.2801
2.2361
8.2462
6.0828
8.2462
1.0000
3.6056
4.0000
4.2426
5.0990
5.8310
4.4721
3.6056
3.1623
10.4403
1.0000
4.1231
2.0000
4.2426
4.1231
7.2111
1.0000
3.1623
6.3246
5.0000
1.0000
3.6056
6.0828
4.1231
6.0828
2.0000
5.8310
3.6056
8.0623
4.1231
2.0000
4.4721
8.2462
2.0000
4.4721
6.0828
2.8284
8.2462
4.1231
3.0000
3.0000
1.4142
2.2361
8.0623
3.0000
4.4721
3.1623
4.0000
2.8284
